1 1
1 3
1 7
1 15
1 31
1 63
2 2
2 6
2 14
2 30
2 62
3 1
3 3
3 5
3 9
3 13
3 21
3 29
3 45
3 61
3 93
4 4
4 12
4 28
4 60
5 3
5 5
5 11
5 15
5 27
5 35
5 59
5 75
6 2
6 6
6 10
6 18
6 26
6 42
6 58
6 90
7 1
7 7
7 9
7 21
7 25
7 49
7 57
8 8
8 24
8 56
9 3
9 7
9 9
9 15
9 23
9 27
9 39
9 55
9 63
9 87
10 6
10 10
10 22
10 30
10 54
10 70
11 5
11 11
11 21
11 33
11 53
11 77
12 4
12 12
12 20
12 36
12 52
12 84
13 3
13 13
13 19
13 39
13 51
13 91
14 2
14 14
14 18
14 42
14 50
14 98
15 1
15 5
15 9
15 15
15 17
15 25
15 33
15 45
15 49
15 65
15 81
16 16
16 48
17 15
17 17
17 47
17 51
18 6
18 14
18 18
18 30
18 46
18 54
18 78
19 13
19 19
19 45
19 57
20 12
20 20
20 44
20 60
21 3
21 7
21 11
21 21
21 27
21 35
21 43
21 63
21 75
21 91
22 10
22 22
22 42
22 66
23 9
23 23
23 41
23 69
24 8
24 24
24 40
24 72
25 7
25 15
25 25
25 39
25 55
25 75
26 6
26 26
26 38
26 78
27 5
27 9
27 21
27 27
27 37
27 45
27 69
27 81
28 4
28 28
28 36
28 84
29 3
29 29
29 35
29 87
29 99
30 2
30 10
30 18
30 30
30 34
30 50
30 66
30 90
30 98
31 1
31 31
31 33
31 93
31 97
32 32
32 96
33 11
33 15
33 31
33 33
33 55
33 63
33 95
33 99
34 30
34 34
34 94
35 5
35 21
35 29
35 35
35 45
35 77
35 93
36 12
36 28
36 36
36 60
36 92
37 27
37 37
37 91
38 26
38 38
38 90
39 9
39 13
39 25
39 39
39 57
39 65
39 89
40 24
40 40
40 88
41 23
41 41
41 87
42 6
42 14
42 22
42 42
42 54
42 70
42 86
43 21
43 43
43 85
44 20
44 44
44 84
45 3
45 15
45 19
45 27
45 35
45 45
45 51
45 75
45 83
45 99
46 18
46 46
46 82
47 17
47 47
47 81
48 16
48 48
48 80
49 7
49 15
49 49
49 63
49 79
50 14
50 30
50 50
50 78
51 13
51 17
51 45
51 51
51 77
51 85
52 12
52 52
52 76
53 11
53 53
53 75
54 10
54 18
54 42
54 54
54 74
54 90
55 9
55 25
55 33
55 55
55 73
56 8
56 56
56 72
57 7
57 19
57 39
57 57
57 71
57 95
58 6
58 58
58 70
59 5
59 59
59 69
60 4
60 20
60 36
60 60
60 68
61 3
61 61
61 67
62 2
62 62
62 66
63 1
63 9
63 21
63 33
63 49
63 63
63 65
63 81
64 64
65 15
65 39
65 63
65 65
65 95
66 22
66 30
66 62
66 66
67 61
67 67
68 60
68 68
69 23
69 27
69 59
69 69
70 10
70 42
70 58
70 70
70 90
71 57
71 71
72 24
72 56
72 72
73 55
73 73
74 54
74 74
75 5
75 21
75 25
75 45
75 53
75 75
75 85
76 52
76 76
77 11
77 35
77 51
77 77
77 99
78 18
78 26
78 50
78 78
79 49
79 79
80 48
80 80
81 15
81 27
81 47
81 63
81 81
82 46
82 82
83 45
83 83
84 12
84 28
84 44
84 84
85 43
85 51
85 75
85 85
86 42
86 86
87 9
87 29
87 41
87 87
88 40
88 88
89 39
89 89
90 6
90 30
90 38
90 54
90 70
90 90
91 13
91 21
91 37
91 91
92 36
92 92
93 3
93 31
93 35
93 93
93 99
94 34
94 94
95 33
95 57
95 65
95 95
96 32
96 96
97 31
97 97
98 14
98 30
98 98
99 29
99 33
99 45
99 77
99 93
99 99