a=9 isolated
3,9,15,27,39,63,87,135,183,279,375,567,759,1143,1527,2295,3063,4599,6135,9207
6,6,12,12,24,24,48,48,96,96,192,192,384,384,768,768,1536,1536,3072

a=9 isolated again
3,15,39,87,183,375,759,1527,3063,6135
12,24,48,96,192,384,768,1536,3072

a=15 isolated again 1
5,25,65,145,305,625,1265,2545,5105
20,40,80,160,320,640,1280,2560

a=15 isolated again 2
9,33,81,177,369,753,1521,3057,6129
24,48,96,192,384,768,1536,3072

a=21 isolated again 1
3,27,75,171,363,747,1515,3051,6123
24,48,96,192,384,768,1536,3072

a=21 isolated again 2
7,35,91,203,427,875,1771,3563,7147
28,56,112,224,448,896,1792,3584

a=55 isolated again 1
25,105,265,585,1225,2505,5065
80,160,320,640,1280,2560

a=55 isolated again 2
33,121,297,649,1353,2761,5577
88,176,352,704,1408,2816

a=1005 isolated again 1
67,1139,3283,7571
1072

a=1005 isolated again 2
275,1555,4115,9235
1280

a=1005 isolated again 3
335,1675,4355,9715
1340

a=1005 isolated again 4
531,2067,5139
1536

a=1005 isolated again 5
603,2211,5427
1608

a=1005 isolated again 6
915,2835,6675
1920