FkYBDxYIFx4SVVpPS1UKExcbAUxeTUYRFRkHFwwGBx9SS0hNRhcJAQ4XAAQWXVlLVQgHFBUHHwFK QUhaUgIcDhMXHhwJHghGXlpSChEFCBcMEAYXAxVVWk9LVRgPHhUWABcJRl5aUhkTDwMbDgZMUldB VQkUDRdKTVJdEwQdSkFIWlIcGwNAVQc=

1, 2, 4, 5, 7, 8, 9, 11, 12, 14, 15, 16, 18, 19, 21, 22, 24, 25, 26, 28, 29, 31, 32, 33, 35, 
36, 38, 39, 41, 42, 43, 45, 46, 48, 49, 50, 52, 53, 55, 56, 57, 59, 60, 62, 63, 65, 66, 67, 
69, 70, 72, 73, 74, 76, 77, 79, 80, 82, 83, 84, 86, 87, 89, 90, 91, 93, 94, 96, 97, 98, 100, 
101, 103, 104, 106, 107, 108, 110, 111, 113, 114, 115, 117, 118, 120, 121, 123, 124, 125, 127, 
128, 130, 131, 132, 134, 135, 137, 138, 140, 141

1, 3, 7, 12, 19, 27, 36, 47, 59, 73, 88, 104, 122, 141, 162, 184, 208, 233, 259, 287, 316, 347, 
379, 412, 447, 483, 521, 560, 601, 643, 686, 731, 777, 825, 874, 924, 976, 1029, 1084, 1140, 
1197, 1256, 1316, 1378, 1441, 1506, 1572, 1639, 1708, 1778, 1850, 1923, 1997, 2073, 2150, 2229, 
2309, 2391, 2474, 2558, 2644, 2731, 2820, 2910, 3001, 3094, 3188, 3284, 3381, 3479, 3579, 3680, 
3783, 3887, 3993, 4100, 4208, 4318, 4429, 4542, 4656, 4771, 4888, 5006, 5126, 5247, 5370, 5494, 
5619, 5746, 5874, 6004, 6135, 6267, 6401, 6536, 6673, 6811, 6951, 7092

1, 4, 8, 14, 21, 29, 39, 50, 63, 77, 93, 110, 128, 148, 169, 192, 216, 241, 268, 296, 326, 357, 
390, 424, 459, 496, 534, 574, 615, 657, 701, 746, 793, 841, 890, 941, 994, 1047, 1103, 1159, 
1217, 1277, 1337, 1400, 1463, 1528, 1595, 1663, 1732, 1803, 1875, 1948, 2023, 2100, 2177, 2257, 
2337, 2419, 2503, 2588, 2674, 2761, 2851, 2941, 3033, 3126, 3221, 3317, 3415, 3514, 3614, 3716, 
3819, 3924, 4030, 4137, 4246, 4357, 4468, 4582, 4696, 4812, 4929, 5048, 5168, 5290, 5413, 5538, 
5663, 5791, 5919, 6050, 6181, 6314, 6448, 6584, 6721, 6860, 7000, 7141

0, 1, 1, 2, 2, 2, 3, 3, 4, 4, 5, 6, 6, 7, 7, 8, 8, 8, 9, 9, 10, 10, 11, 12, 12, 13, 13, 14, 14, 
14, 15, 15, 16, 16, 16, 17, 18, 18, 19, 19, 20, 21, 21, 22, 22, 22, 23, 24, 24, 25, 25, 25, 26, 
27, 27, 28, 28, 28, 29, 30, 30, 30, 31, 31, 32, 32, 33, 33, 34, 35, 35, 36, 36, 37, 37, 37, 38, 
39, 39, 40, 40, 41, 41, 42, 42, 43, 43, 44, 44, 45, 45, 46, 46, 47, 47, 48, 48, 49, 49, 49

0, 1, 0, 0, 1, 0, 1, 0, 1, 1, 0, 1, 0, 1, 0, 0, 1, 0, 1, 0, 1, 1, 0, 1, 0, 1, 0, 0, 1, 0, 1, 0, 
0, 1, 1, 0, 1, 0, 1, 1, 0, 1, 0, 0, 1, 1, 0, 1, 0, 0, 1, 1, 0, 1, 0, 0, 1, 1, 0, 0, 1, 0, 1, 0, 
1, 0, 1, 1, 0, 1, 0, 1, 0, 0, 1, 1, 0, 1, 0, 1, 0, 1, 0, 1, 0, 1, 0, 1, 0, 1, 0, 1, 0, 1, 0, 1, 
0, 0

2, 4, 5, 7, 8, 9, 11, 12, 14, 15, 16, 18, 19, 21, 22, 24, 25, 26, 28, 29, 31, 32, 33, 35, 36, 
38, 39, 41, 42, 43, 45, 46, 48, 49, 50, 52, 53, 55, 56, 57, 59, 60, 62, 63, 65, 66, 67, 69, 
70, 72, 73, 74, 76, 77, 79, 80, 82, 83, 84, 86, 87, 89, 90, 91, 93, 94, 96, 97, 98, 100, 101, 
103, 104, 106, 107, 108, 110, 111, 113, 114, 115, 117, 118, 120, 121, 123, 124, 125, 127, 128, 
130, 131, 132, 134, 135, 137, 138, 140, 141, 142, 144, 145, 147, 148, 149, 151, 152, 154, 155, 
156, 158, 159, 161, 162, 164, 165, 166, 168, 169, 171, 172, 173, 175, 176, 178, 179, 181, 182, 
183, 185, 186, 188, 189, 190, 192, 193, 195, 196, 197, 199, 200, 202, 203, 205, 206, 207, 209, 
210, 212, 213, 214, 216, 217, 219, 220, 222, 223, 224, 226, 227, 229, 230, 231, 233, 234, 236, 
237, 239, 240, 241, 243, 244, 246, 247, 248, 250, 251, 253, 254, 255, 257, 258, 260, 261, 263, 
264, 265, 267, 268, 270, 271, 272, 274, 275, 277, 278, 280, 281, 282

2, 1, 2, 1, 1, 2, 1, 2, 1, 1, 2, 1, 2, 1, 2, 1, 1, 2, 1, 2, 1, 1, 2, 1, 2, 1, 2, 1, 1, 2, 1, 
2, 1, 1, 2, 1, 2, 1, 1, 2, 1, 2, 1, 2, 1, 1, 2, 1, 2, 1, 1, 2, 1, 2, 1, 2, 1, 1, 2, 1, 2, 1, 
1, 2, 1, 2, 1, 1, 2, 1, 2, 1, 2, 1, 1, 2, 1, 2, 1, 1, 2, 1, 2, 1, 2, 1, 1, 2, 1, 2, 1, 1, 2, 
1, 2, 1, 2, 1, 1, 2, 1, 2, 1, 1, 2, 1, 2, 1, 1, 2, 1, 2, 1, 2, 1, 1, 2, 1, 2, 1, 1, 2, 1, 2, 
1, 2, 1, 1, 2, 1, 2, 1, 1, 2, 1, 2, 1, 1, 2, 1, 2, 1, 2, 1, 1, 2, 1, 2, 1, 1, 2, 1, 2, 1, 2, 
1, 1, 2, 1, 2, 1, 1, 2, 1, 2, 1, 2, 1, 1, 2, 1, 2, 1, 1, 2, 1, 2, 1, 1, 2, 1, 2, 1, 2, 1, 1, 
2, 1, 2, 1, 1, 2, 1, 2, 1, 2, 1, 1

-1, 1, -1, 0, 1, -1, 1, -1, 0, 1, -1, 1, -1, 1, -1, 0, 1, -1, 1, -1, 0, 1, -1, 1, -1, 1, -1, 
0, 1, -1, 1, -1, 0, 1, -1, 1, -1, 0, 1, -1, 1, -1, 1, -1, 0, 1, -1, 1, -1, 0, 1, -1, 1, -1, 1, 
-1, 0, 1, -1, 1, -1, 0, 1, -1, 1, -1, 0, 1, -1, 1, -1, 1, -1, 0, 1, -1, 1, -1, 0, 1, -1, 1, -1, 
1, -1, 0, 1, -1, 1, -1, 0, 1, -1, 1, -1, 1, -1, 0, 1, -1, 1, -1, 0, 1, -1, 1, -1, 0, 1, -1, 1, 
-1, 1, -1, 0, 1, -1, 1, -1, 0, 1, -1, 1, -1, 1, -1, 0, 1, -1, 1, -1, 0, 1, -1, 1, -1, 0, 1, -1, 
1, -1, 1, -1, 0, 1, -1, 1, -1, 0, 1, -1, 1, -1, 1, -1, 0, 1, -1, 1, -1, 0, 1, -1, 1, -1, 1, -1, 
0, 1, -1, 1, -1, 0, 1, -1, 1, -1, 0, 1, -1, 1, -1, 1, -1, 0, 1, -1, 1, -1, 0, 1, -1, 1, -1, 1, 
-1, 0

2, -2, 1, 1, -2, 2, -2, 1, 1, -2, 2, -2, 2, -2, 1, 1, -2, 2, -2, 1, 1, -2, 2, -2, 2, -2, 1, 1, 
-2, 2, -2, 1, 1, -2, 2, -2, 1, 1, -2, 2, -2, 2, -2, 1, 1, -2, 2, -2, 1, 1, -2, 2, -2, 2, -2, 1, 
1, -2, 2, -2, 1, 1, -2, 2, -2, 1, 1, -2, 2, -2, 2, -2, 1, 1, -2, 2, -2, 1, 1, -2, 2, -2, 2, -2, 
1, 1, -2, 2, -2, 1, 1, -2, 2, -2, 2, -2, 1, 1, -2, 2, -2, 1, 1, -2, 2, -2, 1, 1, -2, 2, -2, 2, 
-2, 1, 1, -2, 2, -2, 1, 1, -2, 2, -2, 2, -2, 1, 1, -2, 2, -2, 1, 1, -2, 2, -2, 1, 1, -2, 2, -2, 
2, -2, 1, 1, -2, 2, -2, 1, 1, -2, 2, -2, 2, -2, 1, 1, -2, 2, -2, 1, 1, -2, 2, -2, 2, -2, 1, 1, 
-2, 2, -2, 1, 1, -2, 2, -2, 1, 1, -2, 2, -2, 2, -2, 1, 1, -2, 2, -2, 1, 1, -2, 2, -2, 2, -2, 1